

                         ***********  PRECISE MASS SUMMARY  ***********

   TOTAL RIGID BODY MASS MATRIX ABOUT ORIGIN
               Translational mass               |   Coupled translational/rotational mass
         13950.        0.0000        0.0000     |     0.0000       0.25311E+06   -3285.6    
         0.0000        13950.        0.0000     |   -0.25311E+06    0.0000       -4171.3    
         0.0000        0.0000        13950.     |     3285.6        4171.3        0.0000    
     ------------------------------------------ | ------------------------------------------
                                                |         Rotational mass (inertia)
                                                |    0.80137E+07    2366.9        74291.    
                                                |     2366.9       0.80175E+07   -30522.    
                                                |     74291.       -30522.        20065.    

   TOTAL MASS =  13950.    
     The mass principal axes coincide with the global Cartesian axes

   CENTER OF MASS (X,Y,Z)=  -0.29902       0.23553        18.144    

   TOTAL INERTIA ABOUT CENTER OF MASS
        0.34205E+07    1384.4       -1394.0    
         1384.4       0.34239E+07    29093.    
        -1394.0        29093.        18044.    

   PRINCIPAL INERTIAS =   0.34200E+07   0.34246E+07    17795.    
   ORIENTATION VECTORS OF THE INERTIA PRINCIPAL AXES IN GLOBAL CARTESIAN
     ( 0.948,-0.319,-0.003) ( 0.319, 0.948, 0.008) ( 0.000,-0.009, 1.000) 


          *********  TOTAL LOAD SUMMARY  *********
                                              X-AXIS      Y-AXIS      Z-AXIS
 FORCES AT CENTER OF MASS..................  0.0000      0.0000      0.0000    
 MOMENTS ABOUT ORIGIN......................  0.0000      0.0000      0.0000    
 MOMENTS ABOUT CENTER OF MASS..............  0.0000      0.0000      0.0000    
