

                         ***********  PRECISE MASS SUMMARY  ***********

   TOTAL RIGID BODY MASS MATRIX ABOUT ORIGIN
               Translational mass               |   Coupled translational/rotational mass
         14884.        0.0000        0.0000     |     0.0000       0.27382E+06   -3571.6    
         0.0000        14884.        0.0000     |   -0.27382E+06    0.0000       -5077.2    
         0.0000        0.0000        14884.     |     3571.6        5077.2        0.0000    
     ------------------------------------------ | ------------------------------------------
                                                |         Rotational mass (inertia)
                                                |    0.85576E+07    2677.7        94503.    
                                                |     2677.7       0.85628E+07   -34961.    
                                                |     94503.       -34961.        22035.    

   TOTAL MASS =  14884.    
     The mass principal axes coincide with the global Cartesian axes

   CENTER OF MASS (X,Y,Z)=  -0.34111       0.23995        18.396    

   TOTAL INERTIA ABOUT CENTER OF MASS
        0.35196E+07    1459.4        1101.3    
         1459.4       0.35239E+07    30742.    
         1101.3        30742.        19446.    

   PRINCIPAL INERTIAS =   0.35192E+07   0.35246E+07    19176.    
   ORIENTATION VECTORS OF THE INERTIA PRINCIPAL AXES IN GLOBAL CARTESIAN
     ( 0.959,-0.283,-0.002) ( 0.283, 0.959, 0.009) (-0.000,-0.009, 1.000) 


          *********  TOTAL LOAD SUMMARY  *********
                                              X-AXIS      Y-AXIS      Z-AXIS
 FORCES AT CENTER OF MASS..................  0.0000      0.0000      0.0000    
 MOMENTS ABOUT ORIGIN......................  0.0000      0.0000      0.0000    
 MOMENTS ABOUT CENTER OF MASS..............  0.0000      0.0000      0.0000    
