

                         ***********  PRECISE MASS SUMMARY  ***********

   TOTAL RIGID BODY MASS MATRIX ABOUT ORIGIN
               Translational mass               |   Coupled translational/rotational mass
         14884.        0.0000        0.0000     |     0.0000       0.27382E+06   -3570.1    
         0.0000        14884.        0.0000     |   -0.27382E+06    0.0000       -5071.7    
         0.0000        0.0000        14884.     |     3570.1        5071.7        0.0000    
     ------------------------------------------ | ------------------------------------------
                                                |         Rotational mass (inertia)
                                                |    0.85576E+07    2676.7        94381.    
                                                |     2676.7       0.85628E+07   -34937.    
                                                |     94381.       -34937.        22009.    

   TOTAL MASS =  14884.    
     The mass principal axes coincide with the global Cartesian axes

   CENTER OF MASS (X,Y,Z)=  -0.34074       0.23985        18.396    

   TOTAL INERTIA ABOUT CENTER OF MASS
        0.35196E+07    1460.2        1081.5    
         1460.2       0.35239E+07    30738.    
         1081.5        30738.        19425.    

   PRINCIPAL INERTIAS =   0.35192E+07   0.35246E+07    19155.    
   ORIENTATION VECTORS OF THE INERTIA PRINCIPAL AXES IN GLOBAL CARTESIAN
     ( 0.959,-0.283,-0.002) ( 0.283, 0.959, 0.008) (-0.000,-0.009, 1.000) 


          *********  TOTAL LOAD SUMMARY  *********
                                              X-AXIS      Y-AXIS      Z-AXIS
 FORCES AT CENTER OF MASS..................  0.0000      0.0000      0.0000    
 MOMENTS ABOUT ORIGIN......................  0.0000      0.0000      0.0000    
 MOMENTS ABOUT CENTER OF MASS..............  0.0000      0.0000      0.0000    
