

                         ***********  PRECISE MASS SUMMARY  ***********

   TOTAL RIGID BODY MASS MATRIX ABOUT ORIGIN
               Translational mass               |   Coupled translational/rotational mass
         15673.        0.0000        0.0000     |     0.0000       0.29165E+06   -3810.7    
         0.0000        15673.        0.0000     |   -0.29165E+06    0.0000       -6091.6    
         0.0000        0.0000        15673.     |     3810.7        6091.6        0.0000    
     ------------------------------------------ | ------------------------------------------
                                                |         Rotational mass (inertia)
                                                |    0.90216E+07    3036.8       0.11781E+06
                                                |     3036.8       0.90285E+07   -38996.    
                                                |    0.11781E+06   -38996.        24343.    

   TOTAL MASS =  15673.    
     The mass principal axes coincide with the global Cartesian axes

   CENTER OF MASS (X,Y,Z)=  -0.38867       0.24314        18.608    

   TOTAL INERTIA ABOUT CENTER OF MASS
        0.35936E+07    1555.7        4450.3    
         1555.7       0.35990E+07    31915.    
         4450.3        31915.        21049.    

   PRINCIPAL INERTIAS =   0.35932E+07   0.35997E+07    20759.    
   ORIENTATION VECTORS OF THE INERTIA PRINCIPAL AXES IN GLOBAL CARTESIAN
     ( 0.968,-0.250,-0.001) ( 0.250, 0.968, 0.009) (-0.001,-0.009, 1.000) 


          *********  TOTAL LOAD SUMMARY  *********
                                              X-AXIS      Y-AXIS      Z-AXIS
 FORCES AT CENTER OF MASS..................  0.0000      0.0000      0.0000    
 MOMENTS ABOUT ORIGIN......................  0.0000      0.0000      0.0000    
 MOMENTS ABOUT CENTER OF MASS..............  0.0000      0.0000      0.0000    
