

                         ***********  PRECISE MASS SUMMARY  ***********

   TOTAL RIGID BODY MASS MATRIX ABOUT ORIGIN
               Translational mass               |   Coupled translational/rotational mass
         13790.        0.0000        0.0000     |     0.0000       0.24896E+06   -3247.7    
         0.0000        13790.        0.0000     |   -0.24896E+06    0.0000       -4082.1    
         0.0000        0.0000        13790.     |     3247.7        4082.1        0.0000    
     ------------------------------------------ | ------------------------------------------
                                                |         Rotational mass (inertia)
                                                |    0.78544E+07    2320.3        72217.    
                                                |     2320.3       0.78581E+07   -30073.    
                                                |     72217.       -30073.        19707.    

   TOTAL MASS =  13790.    
     The mass principal axes coincide with the global Cartesian axes

   CENTER OF MASS (X,Y,Z)=  -0.29603       0.23552        18.054    

   TOTAL INERTIA ABOUT CENTER OF MASS
        0.33588E+07    1358.8       -1482.4    
         1358.8       0.33621E+07    28562.    
        -1482.4        28562.        17733.    

   PRINCIPAL INERTIAS =   0.33584E+07   0.33628E+07    17489.    
   ORIENTATION VECTORS OF THE INERTIA PRINCIPAL AXES IN GLOBAL CARTESIAN
     ( 0.946,-0.323,-0.003) ( 0.323, 0.946, 0.008) ( 0.000,-0.009, 1.000) 


          *********  TOTAL LOAD SUMMARY  *********
                                              X-AXIS      Y-AXIS      Z-AXIS
 FORCES AT CENTER OF MASS..................  0.0000      0.0000      0.0000    
 MOMENTS ABOUT ORIGIN......................  0.0000      0.0000      0.0000    
 MOMENTS ABOUT CENTER OF MASS..............  0.0000      0.0000      0.0000    
